0243625998325831
5601943285331545
2264555408583001
5464430592929387
6816603089210442
9582755594379866
4984043849101331
8560050240967369
5851601274050374
3463902649683230
2251297387859499
2814370196736373
9414212573217453
6398615776166771
8740785327180983
2507333666306110
3528633359332021
1129100746134234
0119381103799648
8090460970494534
5369672706522008
3104963450786299
1606080164385644
6058299964884859
1952072482347004
5551697165370587
7842573659301523
2765008024136365
2017770059745262
8456023041589649
3935196239515458
0985488148768235
8800859024101679
4599170539959463
2056380331247057
9262132256691648
