9096015759287442
8177362017278580
0891028206544818
8086890683049764
4677312523064693
2005674046432508
0888101038957394
4740997358938163
2142170327088391
9380317334360530
3946746969930821
4539198443753029
2573012667928868
6565935546656647
8358366460360383
9970669597796920
1594246925768323
0426085499048430
7037520500128415
4109822248289881
0096166167189273
8033308621259895
0645734348858883
8211532816925616
6332361048614535
8756015642728760
5736356585884089
3913832896296559
1913645456468282
4588357217648732
0009614525722968
8874119004542737
6185142675049044
9894183030003433
2253520712024445
7226330385484108
5565790055679838
2008669726656609
5895086145314795
1229677975127287
3789818701557553
3514280528881407
7670196776586335
